29,35
0,553
161,5
161,4
161,3
161,2
161,1
161,0
160,4
160,3
160,2
160,1
160,0
159,5
159,4
159,3
159,2
159,1
159,0
158,5
158,4
158,3
158,2
158,1
158,0
157,5
157,4
157,3
157,2
157,1
157,0
156,4
156,3
156,2
156,1
156,0
155,4
155,3
155,2
155,1
155,0
154,3
154,2
154,1
154,0
0,552
153,4
153,3
153,2
153,1
153,0
152,6
152,5
152,4
152,3
152,2
152,1
152,0
151,5
151,4
151,3
151,2
151,1
151,0
150,3
150,2
0,551
0,550
150,1
150,0
149,19
149,18
149,17
149,16
149,15
149,14
149,13
149,6
149,5
149,4
149,12
149,11
149,10
149,9
149,8
149,7
149,3
149,2
149,1
149,0
148,4
148,3
148,2
148,1
148,0
147,3
147,2
147,1
147,0
146,4
146,3
146,2
146,1
146,0
145,4
145,3
145,2
145,1
145,0
144,3
144,2
144,1
144,0
143,8
143,7
143,6
143,5
143,4
143,3
143,2
143,1
143,0
142,3
142,2
142,1
142,0
141,3
141,2
141,1
141,0
140,3
140,2
140,1
140,0
0,549
139,5
139,4
139,3
139,2
139,1
139,0
138,4
138,3
138,2
138,1
138,0
137,6
137,5
137,4
137,3
137,2
137,1
137,0
136,3
136,2
136,1
136,0
135,4
135,3
135,2
135,1
135,0
134,5
134,4
134,3
134,2
134,1
134,0
133,4
133,3
133,2
133,1
133,0
0,548
0,547
0,546
0,545
0,544
132,4
132,3
132,2
132,1
132,0
131,4
131,3
131,2
131,1
131,0
130,3
130,2
130,1
130,0
129,4
129,3
129,2
129,1
129,0
128,6
128,5
128,4
128,3
128,2
128,1
128,0
127,5
127,4
127,3
127,2
127,1
127,0
126,3
126,2
0,543
126,1
126,0
125,19
125,18
125,17
125,16
125,15
125,14
125,13
125,6
125,5
125,4
125,12
125,11
125,10
125,9
125,8
125,7
125,3
125,2
125,1
125,0
124,4
124,3
124,2
124,1
124,0
123,3
123,2
123,1
123,0
122,4
122,3
122,2
122,1
122,0
121,4
121,3
121,2
0,542
121,1
121,0
0,541
120,3
120,2
120,1
120,0
119,8
119,7
119,6
119,5
119,4
119,3
119,2
119,1
119,0
118,3
118,2
118,1
118,0
117,3
117,2
117,1
117,0
116,3
116,2
116,1
116,0
115,5
115,4
115,3
115,2
115,1
115,0
114,4
114,3
114,2
114,1
114,0
113,6
113,5
113,4
113,3
113,2
113,1
113,0
112,3
112,2
112,1
